1011001011110111
0011101010111111
0001011101110101
0010000001110011
1000100001001001
0010100100111101
1000110110000010
1100111001100100
1010000111110011
1110101001011000
1110111110001101
0100011110101101
1000000010001110
0100100010001101
0010000101010111
0110111110000101
1000101101100110
0000101110000111
0010100111110001
0111011010000011
0010000010000001
0101101011111101
1001000010010010
0100010011101010
0011111001001011
0010101100001111
0101001111111001
1011010011011110
0000111111010010
0101101111011110
1101101001110110
0101100100110111
0011000010100011
0001111010100000
0001010011011110
1110011101000001
1101001100011110
0000111011100011
0111011000010000
1110101100000001
0101010001000111
0111101110110101
0001111100001101
1000111010011101
0000111101110111
0100111101010010
1000001001011100
0010111010100111
1110110110100111
1100110001000001
0100011100111100
0000010001100111
1011101000100010
1101111000011010
0001100001011100
0111110011001100
0010000001100100
1010000011011100
1100001000000001
0101000010011110
0111010100001101
1001101011011011
1100100101000001
1010011010110010
1111110110100000
0111001101110010
1000101011011000
0001010110011000
1000001001011110
1110000110100110
1101010110100101
0111000111101000
0110000110011111
0000101100101010
1011111101100101
1100110000010000
0001110001011001
1001011111111111
1111110000011101
1001011111110110
1111111101001100
0111001010000011
0001111001110101
0011011001001111
0010001000011001
0000001011101101
1101100111110100
1010111000011100
0101010011011010
0010001010010011
1100011110101110
0001010101101110
1001010011010001
1001001110010010
1011111011110101
0100001001110111
1111001001001010
1010001010100010
0111010110110101
1111011100010101
0010000100011000
0000101001111111
0100111100110101
0100010100011000
0010011111011001
0111100000011000
1001011001000101
0011100000110101
1011001011011001
1100001000101110
0110010110110010
0000101011000101
0010011111001001
0101101101010011
0010010000000111
0000111001101110
1000111100011110
0010001110110001
0100101111111110
0001010000111101
0100101110011001
0010000100011000
1010001010111110
0100111101111101
1101111001101000
1100010110010100
0001100101110100
0010001011101010
0001001101000001
0110001001100010
0110100010011011
1000100010100101
0110011100010010
0101100000001111
1011110010011110
0101101010100011
0100010010110110
0000111000010001
0110110011110010
0110000001110101
1000101010010000
0011100101101111
0011010100100111
0000001101000110
1110000101110000
0111010001000010
0111001001100101
0101011000111000
0100000011010011
0101111011011111
0111001010100101
0111101010001101
1001010100101101
1001110100100011
1110110100000010
0000101101000001
0001000011000011
0010011000000011
1010100101101110
1110000000000001
0001011000000000
1001011101011001
0010011101000001
1010110001111011
0111000110001100
1010110000010101
0011100100101000
0010101100000101
0110000010110110
0100011110000110
1100001010100100
0110011010100101
0001001001000000
1100011101100011
0011000000111011
1101101001111111
1101010011010010
0100110001000010
1111001000111000
0110100010101010
1001001010100111
0101111001110010
0001110000001110
0010011111001100
1110000110001011
1100001111011100
1000110100001011
0110101111101110
1011011001011001
1100000110110000
1010101010010011
1100010111011001
1101001101111011
1001001000100110
1001001011011101
1111010111000101
0111011010100111
0100011111110001
0111000001001100
0010111111010010
1101000111000001
0001001110000000
1100100111000100
1100000111100010
1111001101111100
1000100111001001
1001000110110110
1110100101000111
1000100010101101
1101010011000111
1010001010111111
0111110100010011
0000110101111111
0101100000000000
1000101111110110
0001010100111110
0101110101000001
0000001000100111
1001011100111100
1111111010111111
1010011101101010
1010101100010111
0101010000110111
0001101010110111
1001100100001101
1110100100111010
0111010011010000
1000100000100000
0011000111100100
0001101101101101
1010110110010000
0100101111111011
0010110010001110
1100011101010010
1010110101001010
1110010001011100
0011011010110010
0110011000110001
0110011101110010
1100001101010011
0100010011000100
1100000001101011
1001110010100000
1010110111100111
0100010010001001
1100110001111000
0000111000110010
1011110111100010
1101111100110110
1100010000010111
0000110111000110
1101100111011001
0010010110011101
1011111100110000
0010011000010100
1011100001011000
